Iteration 0: [[0 0 0]] [[   0  768 1024]
 [ 768    0 1280]
 [1024 1280    0]] [[0 0 0]] [[0 0 0]]
Iteration 1: [[-26 -26 -26]] [[   0  768 1024]
 [ 768    0 1280]
 [1024 1280    0]] [[-6552 -7514 -8450]] [[-13 -15 -17]]
Iteration 2: [[-45 -45 -45]] [[   0  768 1024]
 [ 768    0 1280]
 [1024 1280    0]] [[-11340 -13005 -14625]] [[-23 -26 -29]]
Iteration 3: [[-49 -49 -48]] [[   0  768 1024]
 [ 768    0 1280]
 [1024 1280    0]] [[-12204 -13980 -15925]] [[-24 -28 -32]]
Iteration 4: [[-36 -35 -33]] [[   0  768 1024]
 [ 768    0 1280]
 [1024 1280    0]] [[ -8532  -9861 -11519]] [[-17 -20 -23]]
Iteration 5: [[-9 -6 -2]] [[   0  768 1024]
 [ 768    0 1280]
 [1024 1280    0]] [[ -936 -1334 -2382]] [[-2 -3 -5]]
Iteration 6: [[25 30 35]] [[   0  768 1024]
 [ 768    0 1280]
 [1024 1280    0]] [[8280 9035 9030]] [[16 17 17]]
Iteration 7: [[55 61 67]] [[   0  768 1024]
 [ 768    0 1280]
 [1024 1280    0]] [[16236 18067 18961]] [[31 35 37]]
Iteration 8: [[71 77 83]] [[   0  768 1024]
 [ 768    0 1280]
 [1024 1280    0]] [[20268 22691 24161]] [[39 44 47]]
Iteration 9: [[68 72 76]] [[   0  768 1024]
 [ 768    0 1280]
 [1024 1280    0]] [[18720 21100 22824]] [[36 41 44]]
Iteration 10: [[45 45 46]] [[   0  768 1024]
 [ 768    0 1280]
 [1024 1280    0]] [[11484 13186 14625]] [[22 25 28]]
Iteration 11: [[ 7  1 -1]] [[   0  768 1024]
 [ 768    0 1280]
 [1024 1280    0]] [[ -36  575 1189]] [[-1  1  2]]
Iteration 12: [[-37 -49 -55]] [[   0  768 1024]
 [ 768    0 1280]
 [1024 1280    0]] [[-13212 -13951 -14197]] [[-26 -28 -28]]
Iteration 13: [[ -76  -93 -102]] [[   0  768 1024]
 [ 768    0 1280]
 [1024 1280    0]] [[-24732 -26670 -27777]] [[-49 -53 -55]]
Iteration 14: [[-100 -119 -130]] [[   0  768 1024]
 [ 768    0 1280]
 [1024 1280    0]] [[-31572 -34330 -35939]] [[-62 -68 -71]]
Iteration 15: [[-102 -119 -130]] [[   0  768 1024]
 [ 768    0 1280]
 [1024 1280    0]] [[-31572 -34546 -36227]] [[-62 -68 -71]]
Iteration 16: [[ -79  -91 -100]] [[   0  768 1024]
 [ 768    0 1280]
 [1024 1280    0]] [[-24228 -26632 -27847]] [[-48 -53 -55]]
Iteration 17: [[-34 -39 -44]] [[   0  768 1024]
 [ 768    0 1280]
 [1024 1280    0]] [[-10548 -11636 -11955]] [[-21 -23 -24]]
Iteration 18: [[25 29 28]] [[   0  768 1024]
 [ 768    0 1280]
 [1024 1280    0]] [[7164 7768 8849]] [[13 15 17]]
Iteration 19: [[ 89 102 105]] [[   0  768 1024]
 [ 768    0 1280]
 [1024 1280    0]] [[26136 28617 31278]] [[51 55 61]]
Iteration 20: [[147 168 174]] [[   0  768 1024]
 [ 768    0 1280]
 [1024 1280    0]] [[43200 47370 51576]] [[ 84  92 100]]
Iteration 21: [[187 213 220]] [[   0  768 1024]
 [ 768    0 1280]
 [1024 1280    0]] [[54684 60016 65481]] [[106 117 127]]
Iteration 22: [[199 225 230]] [[   0  768 1024]
 [ 768    0 1280]
 [1024 1280    0]] [[57420 63122 69381]] [[112 123 135]]
Iteration 23: [[179 198 199]] [[   0  768 1024]
 [ 768    0 1280]
 [1024 1280    0]] [[50040 55351 61614]] [[ 97 108 120]]
Iteration 24: [[129 137 131]] [[   0  768 1024]
 [ 768    0 1280]
 [1024 1280    0]] [[33660 37643 43373]] [[65 73 84]]
Iteration 25: [[57 51 35]] [[   0  768 1024]
 [ 768    0 1280]
 [1024 1280    0]] [[10548 12491 17439]] [[20 24 34]]
Iteration 26: [[-28 -51 -80]] [[   0  768 1024]
 [ 768    0 1280]
 [1024 1280    0]] [[-17028 -17504 -13263]] [[-34 -35 -26]]
Iteration 27: [[-119 -161 -207]] [[   0  768 1024]
 [ 768    0 1280]
 [1024 1280    0]] [[-47196 -50319 -46277]] [[-93 -99 -91]]
Iteration 28: [[-208 -269 -332]] [[   0  768 1024]
 [ 768    0 1280]
 [1024 1280    0]] [[-76860 -82556 -78641]] [[-151 -162 -154]]
Iteration 29: [[-281 -355 -426]] [[   0  768 1024]
 [ 768    0 1280]
 [1024 1280    0]] [[ -99684 -107454 -104719]] [[-195 -210 -205]]
Iteration 30: [[-321 -390 -446]] [[   0  768 1024]
 [ 768    0 1280]
 [1024 1280    0]] [[-106344 -115394 -116814]] [[-208 -226 -229]]
Iteration 31: [[-313 -356 -377]] [[   0  768 1024]
 [ 768    0 1280]
 [1024 1280    0]] [[ -92736 -102041 -109508]] [[-182 -200 -214]]
Iteration 32: [[-260 -263 -243]] [[   0  768 1024]
 [ 768    0 1280]
 [1024 1280    0]] [[-63396 -72063 -85043]] [[-124 -141 -167]]
Iteration 33: [[-178 -136  -73]] [[   0  768 1024]
 [ 768    0 1280]
 [1024 1280    0]] [[-25200 -32437 -50248]] [[-50 -64 -99]]
Iteration 34: [[-84  10 129]] [[   0  768 1024]
 [ 768    0 1280]
 [1024 1280    0]] [[ 19656  14277 -10286]] [[ 38  27 -21]]
Iteration 35: [[ 10 174 374]] [[   0  768 1024]
 [ 768    0 1280]
 [1024 1280    0]] [[72648 68774 32934]] [[141 134  64]]
Iteration 36: [[ 97 355 636]] [[   0  768 1024]
 [ 768    0 1280]
 [1024 1280    0]] [[129924 125592  78223]] [[253 245 152]]
Iteration 37: [[165 523 750]] [[   0  768 1024]
 [ 768    0 1280]
 [1024 1280    0]] [[164484 153570 118423]] [[321 299 231]]
Iteration 38: [[197 593 566]] [[   0  768 1024]
 [ 768    0 1280]
 [1024 1280    0]] [[145548 123722 135701]] [[284 241 265]]
Iteration 39: [[182 509 266]] [[   0  768 1024]
 [ 768    0 1280]
 [1024 1280    0]] [[ 93276  67802 118337]] [[182 132 231]]
Iteration 40: [[129 348 -61]] [[   0  768 1024]
 [ 768    0 1280]
 [1024 1280    0]] [[28800  2891 81564]] [[ 56   5 159]]
Iteration 41: [[  58  193 -459]] [[   0  768 1024]
 [ 768    0 1280]
 [1024 1280    0]] [[-45252 -76815  43285]] [[ -89 -151   84]]
Iteration 42: [[ -13   76 -913]] [[   0  768 1024]
 [ 768    0 1280]
 [1024 1280    0]] [[-123264 -166657   11884]] [[-241 -326   23]]
Iteration 43: [[ -65   16 -891]] [[   0  768 1024]
 [ 768    0 1280]
 [1024 1280    0]] [[-126576 -168291   -6464]] [[-248 -329  -13]]
Iteration 44: [[ -73   42 -434]] [[   0  768 1024]
 [ 768    0 1280]
 [1024 1280    0]] [[-57960 -86438  -2910]] [[-114 -169   -6]]
Iteration 45: [[-38 162 -15]] [[   0  768 1024]
 [ 768    0 1280]
 [1024 1280    0]] [[15336 -6819 23850]] [[ 29 -14  46]]
Iteration 46: [[ 15 367 402]] [[   0  768 1024]
 [ 768    0 1280]
 [1024 1280    0]] [[97524 74382 68587]] [[190 145 133]]
Iteration 47: [[ 65 639 866]] [[   0  768 1024]
 [ 768    0 1280]
 [1024 1280    0]] [[193716 163766 125019]] [[378 319 244]]
Iteration 48: [[ 88 825 948]] [[   0  768 1024]
 [ 768    0 1280]
 [1024 1280    0]] [[225612 181092 161997]] [[440 353 316]]
Iteration 49: [[ 44 664 464]] [[   0  768 1024]
 [ 768    0 1280]
 [1024 1280    0]] [[138528  88736 126520]] [[270 173 247]]
